
 CPU time =      2.4844



The number of clusters:         2

Distribution of points over clusters:    4523    2072



The number of clusters:         2

     0.5202     0.0000     0.2129     0.0114     0.0155     0.0411     0.0162     0.0182     0.0178     0.0746     0.0922     0.0107     0.0094     0.0351
     0.0000     0.0385     0.0023     0.0207     0.1179     0.1007     0.1186
     0.5154     1.0000     0.0985     0.0294     0.0072     0.0468     0.0000     0.0077     0.0127     0.0384     0.0453     0.0193     0.0089     0.0087
     0.0004     0.1238     0.0018     0.0199     0.1032     0.0915     0.1138

 CPU time =      4.4219



The number of clusters:         3

Distribution of points over clusters:    3770    1902     923



The number of clusters:         3

     0.5176     0.0000     0.0000     0.0120     0.0170     0.0453     0.0181     0.0182     0.0150     0.0604     0.0937     0.0114     0.0095     0.0381
     0.0000     0.0427     0.0020     0.0208     0.1132     0.1004     0.1145
     0.5186     1.0000     0.0000     0.0267     0.0070     0.0445     0.0000     0.0059     0.0086     0.0282     0.0387     0.0179     0.0087     0.0086
     0.0005     0.0993     0.0017     0.0198     0.1019     0.0915     0.1123
     0.5252     0.2051     1.0000     0.0138     0.0096     0.0139     0.0107     0.0203     0.0380     0.1390     0.0543     0.0106     0.0085     0.0171
    -0.0000     0.0127     0.0034     0.0200     0.1295     0.0993     0.1315

 CPU time =      6.5781



The number of clusters:         4

Distribution of points over clusters:    3435    1831     869     460



The number of clusters:         4

     0.5197     0.0000     0.0000     0.0130     0.0128     0.0466     0.0144     0.0175     0.0143     0.0584     0.0000     0.0121     0.0104     0.0372
     0.0000     0.0460     0.0021     0.0203     0.1116     0.1000     0.1132
     0.5205     1.0000     0.0000     0.0263     0.0061     0.0449     0.0000     0.0061     0.0078     0.0279    -0.0000     0.0184     0.0089     0.0072
     0.0005     0.0995     0.0017     0.0197     0.1015     0.0916     0.1118
     0.5264     0.1876     1.0000     0.0148     0.0092     0.0137     0.0081     0.0195     0.0307     0.1354     0.0000     0.0114     0.0091     0.0183
     0.0000     0.0137     0.0034     0.0200     0.1297     0.0995     0.1314
     0.4938     0.1978     0.1114     0.0043     0.0502     0.0240     0.0480     0.0217     0.0387     0.0767     1.0000     0.0022    -0.0000     0.0393
    -0.0000     0.0021     0.0017     0.0248     0.1261     0.1016     0.1275

 CPU time =      8.6406



The number of clusters:         5

Distribution of points over clusters:    3281    1657     864     460     333



The number of clusters:         5

     0.5231     0.0000     0.0000     0.0137     0.0134     0.0486     0.0145     0.0184     0.0150     0.0602     0.0000     0.0100     0.0109     0.0384
     0.0000     0.0000     0.0021     0.0203     0.1117     0.1001     0.1131
     0.5299     1.0000    -0.0000     0.0293     0.0068     0.0495    -0.0000     0.0067     0.0087     0.0298    -0.0000     0.0174     0.0099     0.0081
     0.0006    -0.0000     0.0017     0.0195     0.1009     0.0912     0.1115
     0.5275     0.1839     1.0000     0.0149     0.0092     0.0138     0.0081     0.0196     0.0309     0.1367    -0.0000     0.0092     0.0092     0.0184
    -0.0000     0.0081     0.0034     0.0200     0.1298     0.0995     0.1315
     0.4937     0.1996     0.1113     0.0043     0.0501     0.0239     0.0479     0.0217     0.0386     0.0766     1.0000     0.0022    -0.0000     0.0392
    -0.0000     0.0021     0.0017     0.0248     0.1261     0.1016     0.1275
     0.4449     0.5304     0.0150     0.0000     0.0000     0.0060     0.0060     0.0000     0.0000     0.0181     0.0000     0.0482     0.0000     0.0060
     0.0000     1.0000     0.0018     0.0211     0.1089     0.0961     0.1143

 CPU time =     10.4219



The number of clusters:         6

Distribution of points over clusters:    3090    1609     864     460     329     243



The number of clusters:         6

     0.5207    -0.0000    -0.0000     0.0145     0.0142     0.0468     0.0150     0.0188     0.0152    -0.0001    -0.0000     0.0102     0.0112     0.0400
    -0.0000    -0.0000     0.0020     0.0203     0.1117     0.1001     0.1131
     0.5282     1.0000    -0.0000     0.0299     0.0070     0.0487    -0.0000     0.0057     0.0089    -0.0000    -0.0000     0.0172     0.0101     0.0082
     0.0006    -0.0000     0.0017     0.0195     0.1009     0.0911     0.1117
     0.5275     0.1800     1.0000     0.0149     0.0093     0.0138     0.0081     0.0196     0.0310     0.1358    -0.0000     0.0092     0.0092     0.0185
    -0.0000     0.0081     0.0034     0.0200     0.1298     0.0995     0.1314
     0.4939     0.1953     0.1115     0.0043     0.0502     0.0240     0.0480     0.0218     0.0389     0.0767     1.0000     0.0022    -0.0000     0.0393
    -0.0000     0.0021     0.0017     0.0248     0.1261     0.1016     0.1274
     0.4501     0.5311     0.0149     0.0000     0.0000     0.0059     0.0060     0.0000     0.0000     0.0059     0.0000     0.0477     0.0000     0.0060
     0.0000     1.0000     0.0018     0.0211     0.1087     0.0958     0.1145
     0.5662     0.2188     0.0000     0.0000     0.0000     0.0699     0.0041     0.0162     0.0082     1.0000     0.0000     0.0081     0.0041     0.0082
     0.0000     0.0164     0.0027     0.0192     0.1083     0.0982     0.1117

 CPU time =     12.1719



The number of clusters:         7

Distribution of points over clusters:    2949    1533     862     459     328     240     224



The number of clusters:         7

     0.5174     0.0000     0.0000     0.0145     0.0148     0.0000     0.0157     0.0186     0.0159     0.0000     0.0000     0.0104     0.0117     0.0400
     0.0000     0.0000     0.0020     0.0205     0.1120     0.1003     0.1133
     0.5244     1.0000     0.0000     0.0306     0.0073     0.0000     0.0000     0.0060     0.0093     0.0000     0.0000     0.0180     0.0106     0.0086
     0.0007     0.0000     0.0017     0.0196     0.1011     0.0911     0.1120
     0.5279     0.1757     1.0000     0.0150     0.0093     0.0116     0.0081     0.0197     0.0311     0.1355     0.0000     0.0093     0.0092     0.0185
     0.0000     0.0081     0.0034     0.0200     0.1300     0.0996     0.1315
     0.4939     0.1909     0.1118     0.0043     0.0504     0.0219     0.0482     0.0219     0.0391     0.0769     1.0000     0.0022    -0.0000     0.0394
    -0.0000     0.0022     0.0017     0.0248     0.1261     0.1017     0.1273
     0.4535     0.5291     0.0146    -0.0000    -0.0000     0.0029     0.0059    -0.0000    -0.0000     0.0059    -0.0000     0.0470    -0.0000     0.0059
    -0.0000     1.0000     0.0018     0.0210     0.1084     0.0957     0.1143
     0.5638     0.1998    -0.0000    -0.0000    -0.0000     0.0585     0.0041     0.0165     0.0083     1.0000    -0.0000     0.0082     0.0041     0.0083
    -0.0000     0.0166     0.0030     0.0192     0.1083     0.0981     0.1117
     0.5883     0.4216     0.0080     0.0121     0.0000     1.0000     0.0000     0.0121     0.0000     0.0121     0.0040     0.0040     0.0000     0.0202
     0.0000     0.0040     0.0018     0.0177     0.1029     0.0954     0.1082

 CPU time =     14.4375



The number of clusters:         8

Distribution of points over clusters:    2833    1520     846     444     326     238     219     169



The number of clusters:         8

     0.5210     0.0000     0.0000     0.0143     0.0154     0.0000     0.0118     0.0194     0.0165     0.0000     0.0000     0.0108     0.0118    -0.0000
     0.0000     0.0000     0.0021     0.0204     0.1115     0.0999     0.1132
     0.5242     1.0000     0.0000     0.0308     0.0073     0.0000     0.0000     0.0053     0.0093     0.0000     0.0000     0.0181     0.0107     0.0000
     0.0007     0.0000     0.0017     0.0195     0.1010     0.0911     0.1119
     0.5274     0.1766     1.0000     0.0153     0.0095     0.0106     0.0083     0.0189     0.0318     0.1377    -0.0000     0.0094     0.0082    -0.0000
    -0.0000     0.0083     0.0034     0.0200     0.1298     0.0995     0.1315
     0.4932     0.1963     0.1156     0.0045     0.0521     0.0227     0.0476     0.0204     0.0405     0.0795     1.0000     0.0023    -0.0000     0.0067
    -0.0000     0.0022     0.0017     0.0246     0.1259     0.1018     0.1270
     0.4520     0.5259     0.0145    -0.0000    -0.0000     0.0029     0.0058    -0.0000    -0.0000     0.0058    -0.0000     0.0465    -0.0000     0.0000
    -0.0000     1.0000     0.0018     0.0210     0.1083     0.0956     0.1144
     0.5633     0.1982     0.0000     0.0000     0.0000     0.0588     0.0042     0.0166     0.0084     1.0000     0.0000     0.0083     0.0042     0.0000
     0.0000     0.0167     0.0030     0.0191     0.1087     0.0981     0.1122
     0.5902     0.4335     0.0082     0.0123     0.0000     1.0000     0.0000     0.0123     0.0000     0.0123     0.0041     0.0041     0.0000     0.0000
     0.0000     0.0041     0.0018     0.0176     0.1027     0.0954     0.1081
     0.4628     0.0840     0.0957     0.0119    -0.0000     0.0357     0.0839     0.0176    -0.0000     0.0119     0.0899    -0.0000     0.0118     1.0000
    -0.0000     0.0119     0.0013     0.0240     0.1236     0.1061     0.1189

 CPU time =     16.8594



The number of clusters:         9

Distribution of points over clusters:    2833    1520     708     417     321     238     217     171     170



The number of clusters:         9

     0.5210     0.0000     0.0000     0.0143     0.0154     0.0000     0.0118     0.0193     0.0165     0.0000     0.0000     0.0107     0.0118     0.0000
     0.0000     0.0000     0.0021     0.0204     0.1115     0.0999     0.1132
     0.5242     1.0000    -0.0000     0.0308     0.0073    -0.0000    -0.0000     0.0053     0.0093    -0.0000    -0.0000     0.0180     0.0107    -0.0000
     0.0007    -0.0000     0.0017     0.0195     0.1010     0.0911     0.1119
     0.5289    -0.0000     1.0000     0.0100     0.0100     0.0142     0.0100     0.0185     0.0311     0.1464     0.0098     0.0085     0.0085    -0.0000
    -0.0000     0.0099     0.0035     0.0199     0.1332     0.1014     0.1324
     0.4917     0.1654     0.0721     0.0048     0.0552     0.0216     0.0505     0.0168     0.0310     0.0627     1.0000     0.0024     0.0000    -0.0001
     0.0000     0.0024     0.0015     0.0249     0.1265     0.1025     0.1268
     0.4534     0.5225    -0.0000    -0.0000    -0.0000     0.0030     0.0059    -0.0000    -0.0000     0.0059    -0.0000     0.0416    -0.0000    -0.0000
    -0.0000     1.0000     0.0018     0.0209     0.1082     0.0955     0.1143
     0.5635     0.1976     0.0000     0.0000     0.0000     0.0588     0.0042     0.0166     0.0084     1.0000    -0.0000     0.0083     0.0042    -0.0000
     0.0000     0.0167     0.0029     0.0191     0.1087     0.0981     0.1122
     0.5907     0.4300    -0.0000     0.0124     0.0000     1.0000     0.0000     0.0124     0.0000     0.0124     0.0041     0.0041     0.0000     0.0000
     0.0000     0.0041     0.0018     0.0176     0.1030     0.0955     0.1082
     0.4663     0.0948     0.0886     0.0118     0.0000     0.0353     0.0828     0.0174     0.0000     0.0118     0.1066     0.0000     0.0117     1.0000
     0.0000     0.0118     0.0013     0.0241     0.1237     0.1062     0.1189
     0.5108     1.0000     1.0000     0.0362     0.0060     0.0121     0.0000     0.0301     0.0600     0.1402     0.0844     0.0239     0.0060     0.0060
     0.0000     0.0300     0.0036     0.0198     0.1132     0.0903     0.1269

 CPU time =     19.3906



The number of clusters:        10

Distribution of points over clusters:    2833    1520     607     417     321     238     217     171     170     101



The number of clusters:        10

     0.5211    -0.0000    -0.0000     0.0143     0.0153    -0.0000     0.0117     0.0192     0.0164    -0.0000    -0.0000     0.0107     0.0118    -0.0000
    -0.0000    -0.0000     0.0021     0.0204     0.1116     0.0998     0.1133
     0.5242     1.0000    -0.0000     0.0307     0.0073    -0.0000    -0.0000     0.0053     0.0093    -0.0000    -0.0000     0.0180     0.0106    -0.0000
     0.0007    -0.0000     0.0017     0.0195     0.1010     0.0911     0.1119
     0.5269     0.0000     1.0000     0.0116     0.0117     0.0150     0.0117     0.0200     0.0150     0.0000     0.0000     0.0083     0.0083     0.0000
     0.0000     0.0100     0.0030     0.0202     0.1350     0.1015     0.1341
     0.4918     0.1645     0.0722     0.0048     0.0552     0.0216     0.0505     0.0168     0.0311     0.0626     1.0000     0.0024     0.0000     0.0000
     0.0000     0.0024     0.0015     0.0249     0.1264     0.1025     0.1268
     0.4512     0.5198    -0.0000    -0.0000    -0.0000     0.0029     0.0059    -0.0000    -0.0000     0.0059    -0.0000     0.0410    -0.0000    -0.0000
    -0.0000     1.0000     0.0018     0.0210     0.1084     0.0956     0.1144
     0.5637     0.1957     0.0000     0.0000     0.0000     0.0588     0.0042     0.0167     0.0084     1.0000     0.0000     0.0083     0.0042    -0.0001
     0.0000     0.0167     0.0029     0.0191     0.1087     0.0981     0.1123
     0.5915     0.4364    -0.0000     0.0122    -0.0000     1.0000    -0.0000     0.0122    -0.0000     0.0121     0.0040     0.0041    -0.0000    -0.0000
    -0.0000     0.0040     0.0018     0.0176     0.1034     0.0955     0.1086
     0.4663     0.0944     0.0884     0.0117    -0.0000     0.0352     0.0826     0.0175    -0.0000     0.0121     0.1062    -0.0000     0.0117     1.0000
    -0.0000     0.0117     0.0013     0.0241     0.1237     0.1062     0.1189
     0.5108     1.0000     1.0000     0.0361     0.0060     0.0120    -0.0000     0.0301     0.0600     0.1397     0.0843     0.0239     0.0060     0.0060
    -0.0000     0.0300     0.0036     0.0198     0.1132     0.0903     0.1269
     0.5403    -0.0001     0.9999    -0.0001    -0.0001     0.0098    -0.0001     0.0098     0.1314     0.9999     0.0696     0.0099     0.0099    -0.0001
    -0.0001     0.0099     0.0061     0.0187     0.1224     0.1005     0.1225

 CPU time =     21.9375

